1.81818
2.72727
3.63636
4.54545
5.45455
6.36364
7.27273
8.18182
9.09091
10
2.72727
3.63636
4.54545
5.45455
6.36364
7.27273
8.18182
9.09091
10
10.9091
3.63636
4.54545
5.45455
6.36364
7.27273
8.18182
9.09091
10
10.9091
11.8182
4.54545
5.45455
6.36364
7.27273
8.18182
9.09091
10
10.9091
11.8182
12.7273
5.45455
6.36364
7.27273
8.18182
9.09091
10
10.9091
11.8182
12.7273
13.6364
6.36364
7.27273
8.18182
9.09091
10
10.9091
11.8182
12.7273
13.6364
14.5455
7.27273
8.18182
9.09091
10
10.9091
11.8182
12.7273
13.6364
14.5455
15.4545
8.18182
9.09091
10
10.9091
11.8182
12.7273
13.6364
14.5455
15.4545
16.3636
9.09091
10
10.9091
11.8182
12.7273
13.6364
14.5455
15.4545
16.3636
17.2727
10
10.9091
11.8182
12.7273
13.6364
14.5455
15.4545
16.3636
17.2727
18.1818
